-97.07965850830078
-85.35122680664062
-83.86341094970703
-78.26869201660156
-66.77122497558594
-59.815574645996094
-59.97450256347656
-63.46271514892578
-67.5923080444336
-74.40901947021484
-58.54423904418945
-52.537742614746094
-55.72113800048828
-71.67404174804688
-73.27772521972656
-77.08833312988281
-67.50554656982422
-61.01784133911133
-65.36461639404297
-78.32981872558594
-78.08891296386719
-63.14569854736328
-54.843116760253906
-55.28313064575195
-65.16419219970703
-75.98509979248047
-65.45001220703125
-55.48324203491211
-51.87329864501953
-55.93240737915039
-67.35768127441406
-76.88050842285156
-73.52621459960938
-62.15855407714844
-60.63749694824219
-68.42675018310547
-94.43067932128906
-90.98921966552734
-74.46267700195312
-67.87104034423828
-69.30775451660156
-79.4215087890625
-94.56485748291016
-81.41913604736328
-66.75985717773438
-63.4471435546875
-68.96380615234375
-83.18447875976562
-91.01434326171875
-78.98135375976562
-71.00428009033203
-71.78883361816406
-81.38695526123047
-87.00737762451172
-84.73651123046875
-78.82691192626953
-73.07037353515625
-75.39932250976562
-88.93399047851562
-89.03810119628906
-87.18904113769531
-80.68467712402344
-80.62964630126953
-87.92311096191406
-101.02679443359375
-95.39646911621094
-94.19010162353516
-84.35063171386719
-83.9114761352539
-91.6574478149414
-93.90341186523438
-97.48290252685547
-98.71978759765625
-90.64263916015625
-90.3365707397461
-90.37303924560547
-88.97372436523438
-91.77931213378906
-97.17811584472656
-96.31875610351562
-90.17503356933594
-84.29632568359375
-83.10400390625
-87.95463562011719
-89.83653259277344
-88.79027557373047
-90.18780517578125
-94.10465240478516
-91.43433380126953
-89.73101806640625
-93.66629028320312
-100.38440704345703
-98.46928405761719
-95.57894897460938
-96.11296844482422
-95.73210144042969
-92.90635681152344
-93.07241821289062
-96.23410034179688
-92.02312469482422
-84.70109558105469
-83.56739807128906
-88.30368041992188
-96.61369323730469
-103.40461730957031
-110.08274841308594
-110.37517547607422
-100.82310485839844
-101.41612243652344
-103.3766860961914
-95.83721160888672
-88.26466369628906
-85.152099609375
-91.09550476074219
-97.3958511352539
-94.39551544189453
-90.4179458618164
-94.2054672241211
-98.17012023925781
-98.12495422363281
-102.21739959716797
-98.10638427734375
-94.95683288574219
-94.11873626708984
-96.87590026855469
-104.96028137207031
-103.85469055175781
-103.94499206542969
-104.14893341064453
-102.88410949707031
-104.05669403076172
-105.60356903076172
-107.5863265991211
-106.70213317871094
-103.17036437988281
-102.1420669555664
-108.53706359863281
-114.07270812988281
-106.3026123046875
-103.46858215332031
-100.43208312988281
-102.459228515625
-109.52056121826172
-107.33275604248047
-98.90177917480469
-93.18778228759766
-90.63887786865234
-92.82461547851562
-96.92144775390625
-96.77315521240234
-97.83151245117188
-96.47511291503906
-97.43171691894531
-101.40532684326172
-106.62841796875
-103.37043762207031
-98.35094451904297
-97.15699005126953
-105.06278228759766
-106.53816986083984
-104.3411865234375
-99.24480438232422
-88.00894927978516
-86.19831848144531
-92.97705078125
-107.19656372070312
-98.82645416259766
-89.71533966064453
-82.27120208740234
-82.93833923339844
-91.3136215209961
-93.63518524169922
-114.13140106201172
-80.06021118164062
-75.69924926757812
-80.83392333984375
-91.10563659667969
-91.59858703613281
-86.69430541992188
-77.16117095947266
-77.5216064453125
-86.30325317382812
-106.93873596191406
-99.73976135253906
-91.51541137695312
-90.94295501708984
-97.03321838378906
-97.02523803710938
-94.75131225585938
-97.90237426757812
-83.88504791259766
-82.1070785522461
-87.64179229736328
-98.55364990234375
-106.97417449951172
-106.65859985351562
-108.48741149902344
-107.77650451660156
-111.42269134521484
-114.84553527832031
-113.01619720458984
-111.78366088867188
-111.75994110107422
-112.4856185913086
-120.17962646484375
-119.99732971191406
-120.93563842773438
-118.33891296386719
-118.00433349609375
-125.63917541503906
-116.86583709716797
-113.87677001953125
-116.79537963867188
-116.24006652832031
-113.56487274169922
-112.97664642333984
-115.14984130859375
-118.38511657714844
-113.76856994628906
-112.14122772216797
-113.44078826904297
-117.34200286865234
-118.27640533447266
-116.27940368652344
-117.16483306884766
-117.86820220947266
-113.77434539794922
-112.4151611328125
-113.37699890136719
-110.95599365234375
-106.79793548583984
-107.99815368652344
-115.5503158569336
-118.99140930175781
-120.71168518066406
-118.13156127929688
-116.58599853515625
-120.60954284667969
-120.68634033203125
-119.08245849609375
-116.76605224609375
-116.77706909179688
-120.96858215332031
-123.35101318359375
-120.17013549804688
-124.7494125366211
-118.42064666748047
-119.46372985839844
-132.1048583984375
-122.5985336303711
-115.41098022460938
-114.70562744140625
-114.82855987548828
-115.91909790039062
-122.90132141113281
-115.66627502441406
-116.68495178222656
-118.54332733154297
-121.43250274658203
-119.5274658203125
-116.98246765136719
-119.45144653320312
-117.3021240234375
-113.80706787109375
-114.93437957763672
-120.89486694335938
-119.3299789428711
-116.75202178955078
-117.50405883789062
-117.65043640136719
-116.95756530761719
-114.34662628173828
-118.50772857666016
-120.623291015625
-120.20821380615234
-114.55438232421875
-120.89047241210938
-117.1853256225586
-117.53092956542969
-118.18377685546875
-112.86136627197266
-110.94430541992188
-109.25454711914062
-108.23345184326172
-111.33025360107422
-107.09148406982422
-103.16189575195312
-105.87832641601562
-119.09152221679688
-109.6448974609375
-110.52008056640625
-118.8668212890625
-109.68037414550781
-105.05974578857422
-104.95306396484375
-108.71119689941406
-101.62251281738281
-103.1673355102539
-108.53358459472656
-110.50941467285156
-111.00225830078125
-106.03742980957031
-106.07880401611328
-111.75269317626953
-117.70133209228516
-117.25651550292969
-121.27361297607422
-120.380859375
-117.18569946289062
-118.97950744628906
-125.87699890136719
-122.63545989990234
-114.92298889160156
-115.65884399414062
-126.72361755371094
-119.3742446899414
-115.1612777709961
-117.54603576660156
-125.83419799804688
-122.87109375
-123.28166198730469
-125.58695983886719
-128.00119018554688
-124.36141967773438
-122.47786712646484
-117.83564758300781
-116.68064880371094
-119.47594451904297
-116.35520935058594
-117.44882202148438
-119.04598999023438
-116.899169921875
-118.07122039794922
-125.62083435058594
-121.7911148071289
-116.05635070800781
-115.72100830078125
-119.19373321533203
-120.56532287597656
-125.18448638916016
-125.53788757324219
-120.453369140625
-118.5873794555664
-120.24979400634766
-116.87415313720703
-114.3848876953125
-114.52113342285156
-120.05609130859375
-129.6116485595703
-125.95402526855469
-121.28483581542969
-119.49939727783203
-122.54863739013672
-130.06564331054688
-127.43905639648438
-119.9178695678711
-123.6978759765625
-117.5837631225586
-117.69337463378906
-123.20452880859375
-117.05429077148438
-118.17577362060547
-116.62728881835938
-117.9129638671875
-118.27477264404297
-121.59786987304688
-119.45773315429688
-120.0813980102539
-125.58103942871094
-120.8700180053711
-118.24764251708984
-121.89849090576172
-122.34852600097656
-118.39774322509766
-120.18783569335938
-124.12100982666016
-118.20166015625
-116.96652221679688
-119.93119049072266
-117.64537811279297
-116.55414581298828
-114.71624755859375
-117.197998046875
-116.98383331298828
-126.00533294677734
-114.23739624023438
-113.7190933227539
-122.82876586914062
-118.56010437011719
-126.32936096191406
-123.91020202636719
-121.10700988769531
-115.25151062011719
-114.79280090332031
-122.34139251708984
-117.5113525390625
-116.7720947265625
-117.38432312011719
-114.54212188720703
-116.49726867675781
-118.11152648925781
-118.93653106689453
-123.40193176269531
-122.57984161376953
-116.85845184326172
-121.41087341308594
-127.91053009033203
-118.52001953125
-126.41498565673828
-116.14383697509766
-113.31119537353516
-120.24380493164062
-116.22990417480469
-119.01028442382812
-121.08499145507812
-118.47258758544922
-118.21051025390625
-119.58380889892578
-114.94696044921875
-112.26288604736328
-117.85908508300781
-117.02070617675781
-112.8987808227539
-119.1145248413086
-112.17839050292969
-116.88347625732422
-116.83724975585938
-111.83106994628906
-114.23867797851562
-120.1309814453125
-112.19184112548828
-110.40701293945312
-111.9509506225586
-113.20893859863281
-108.84741973876953
-110.42063903808594
-114.92737579345703
-110.35797882080078
-115.95337677001953
-118.8536376953125
-117.69603729248047
-115.67302703857422
-115.9263916015625
-118.06953430175781
-121.27435302734375
-119.7145767211914
-118.61300659179688
-121.12615966796875
-117.23930358886719
-113.7204360961914
-113.32233428955078
-123.01586151123047
-117.5814437866211
-115.2037353515625
-113.58988952636719
-114.20297241210938
-117.623291015625
-114.48426818847656
-124.7452163696289
-118.88717651367188
-112.94039916992188
-117.13119506835938
-119.03616333007812
-117.11742401123047
-111.23023986816406
-114.60066223144531
-120.99659729003906
-113.67861938476562
-115.65338134765625
-121.53227996826172
-115.96199035644531
-115.6998519897461
-119.06906127929688
-116.03702545166016
-114.59888458251953
-115.66680145263672
-123.29893493652344
-119.96990203857422
-113.52113342285156
-114.4282455444336
-132.931396484375
-117.2242660522461
-118.1428451538086
-122.8407211303711
-122.87410736083984
-117.32914733886719
-119.11067199707031
-114.30885314941406
-116.01754760742188
-120.20553588867188
-117.57315063476562
-117.23414611816406
-115.42675018310547
-116.17877197265625
-118.95587158203125
-113.72122192382812
-115.12938690185547
-115.11959838867188
-113.45343780517578
-118.80403137207031
-126.10942840576172
-126.71403503417969
-123.92704010009766
-118.54258728027344
-123.89324951171875
-120.5037841796875
-115.19310760498047
-116.79503631591797
-120.68612670898438
-117.02885437011719
-117.84637451171875
-127.46849822998047
-115.49140167236328
-114.22372436523438
-113.91847229003906
-113.06945037841797
-113.04119873046875
-117.47569274902344
-121.3863525390625
-116.86048889160156
-121.3871841430664
-120.47988891601562
-123.91058349609375
-124.75677490234375
-122.0241470336914
-123.68946838378906
-119.75196075439453
-124.7136001586914
-120.30644226074219
-115.61875915527344
-116.78162384033203
-120.37652587890625
-119.13116455078125
-121.22108459472656
-117.75257873535156
-113.64788818359375
-114.41697692871094
-116.46735382080078
-117.44129180908203
-118.86602783203125
-118.3250732421875
-119.67219543457031
-114.42367553710938
-114.57061767578125
-120.34178161621094
-117.42570495605469
-115.5124282836914
-116.60041809082031
-118.9434814453125
-113.65022277832031
-115.5247573852539
-118.87033081054688
-120.02986907958984
-117.57911682128906
-117.41090393066406
-122.76144409179688
-120.893310546875
-121.06678771972656
-123.5629653930664
-121.29784393310547
-121.03549194335938
-127.59856414794922
-120.9281997680664
-118.7398452758789
-119.08454895019531
-120.08551025390625
-120.62991333007812
-120.46466064453125
-123.01335144042969
-118.03123474121094
-117.00773620605469
-119.03072357177734
-126.36956024169922
-127.46627807617188
-123.22322082519531
-120.64878845214844
-120.78782653808594
-121.42832946777344
-121.39588928222656
-121.09333801269531
-113.57177734375
-111.41597747802734
-113.10009765625
-115.25413513183594
-116.93305969238281
-117.8566665649414
-118.635009765625
-118.92802429199219
-116.80169677734375
-117.92313385009766
-119.3936767578125
-125.73420715332031
-121.29580688476562
-121.8757553100586
-119.21197509765625
-117.83837127685547
-119.87471771240234
-123.39694213867188
-120.36636352539062
-123.14965057373047
-124.20398712158203
-114.53128051757812
-112.63115692138672
-115.85163116455078
-118.56551361083984
-123.23798370361328
-120.31327056884766
-114.9905776977539
-117.11207580566406
-120.61508178710938
-119.10406494140625
-120.43468475341797
-124.83747863769531
-116.873779296875
-115.95903015136719
-116.90166473388672
-119.04121398925781
-126.22312927246094
-122.0658187866211
-119.15127563476562
-120.39222717285156
-118.57353973388672
-119.42401123046875
-115.55703735351562
-116.8124008178711
-118.61995697021484
-125.02640533447266
-125.04063415527344
-119.47994232177734
-119.69749450683594
-124.17988586425781
-114.8683853149414
-111.17741394042969
-112.96566772460938
-114.34182739257812
-113.21097564697266
-119.760986328125
-129.76353454589844
-122.47979736328125
-129.48533630371094
-117.51829528808594
-117.76210021972656
-117.27294921875
-116.98020935058594
-116.54708099365234
-117.84544372558594
-114.90339660644531
-116.41757202148438
-118.26945495605469
-123.49179077148438
-117.94892883300781
-114.30378723144531
-114.95472717285156
-120.61752319335938
-126.09378814697266
-116.44786071777344
-111.98863983154297
-111.57614135742188
-115.5068130493164
-119.21273803710938
-118.32037353515625
-125.3072280883789
-124.40376281738281
-121.68206024169922
-121.242919921875
-119.77072143554688
-121.18457794189453
-122.70195770263672
-120.39517211914062
-124.56885528564453
-123.26496887207031
-116.48776245117188
-114.34744262695312
-113.3236312866211
-114.38090515136719
-118.91122436523438
-117.92532348632812
-115.28365325927734
-120.23998260498047
-127.45154571533203
-127.8382568359375
-126.14573669433594
-119.50619506835938
-113.47453308105469
-113.32939147949219
-120.76445007324219
-117.99320220947266
-115.69303894042969
-119.81451416015625
-118.2884292602539
-117.84432220458984
-123.26568603515625
-121.62418365478516
-122.85266876220703
-123.1552734375
-121.8671875
-116.00714874267578
-114.34164428710938
-117.4355697631836
-121.25596618652344
-125.04627227783203
-123.03221130371094
-123.37588500976562
-117.97235107421875
-114.93685913085938
-117.40426635742188
-126.5384521484375
-124.89897918701172
-117.78689575195312
-116.42555236816406
-116.98528289794922
-124.83055114746094
-124.18931579589844
-125.88253784179688
-116.08002471923828
-111.85806274414062
-116.47822570800781
-129.39894104003906
-127.65238952636719
-125.19947052001953
-120.16059875488281
-117.74984741210938
-122.61046600341797
-122.80429077148438
-128.85313415527344
-130.3209991455078
-119.62825012207031
-116.1720962524414
-122.10938262939453
-129.5226593017578
-120.67070007324219
-117.57933044433594
-115.95314025878906
-118.92753601074219
-123.15985107421875
-125.9743423461914
-124.58547973632812
-120.93911743164062
-118.45257568359375
-121.354736328125
-123.50775146484375
-124.827880859375
-124.03987121582031
-118.45159912109375
-122.01730346679688
-126.86524963378906
-124.38398742675781
-124.03643798828125
-122.19669342041016
-122.51686096191406
-121.67582702636719
-123.58452606201172
-122.11719512939453
-116.63306427001953
-111.262939453125
-113.29505920410156
-120.39810943603516
-133.7741241455078
-124.94551086425781
-116.5775375366211
-116.96623992919922
-121.28218078613281
-134.03427124023438
-127.12898254394531
-126.40099334716797
-119.2641830444336
-120.32268524169922
-125.49388885498047
-126.37030029296875
-123.47586822509766
-122.62454223632812
-116.1196060180664
-116.86811828613281
-119.98040008544922
-125.57806396484375
-121.02345275878906
-120.64132690429688
-120.58116149902344
-122.74898529052734
-121.96681213378906
-119.19171142578125
-121.74476623535156
-127.0621109008789
-134.0460968017578
-120.92729187011719
-117.64946746826172
-119.13391876220703
-120.72270202636719
-118.43113708496094
-125.58740234375
-125.03845977783203
-129.71653747558594
-121.64729309082031
-119.43252563476562
-122.25938415527344
-124.4107437133789
-121.50807189941406
-123.18131256103516
-121.84500885009766
-118.98457336425781
-120.15091705322266
-125.26943969726562
-130.04916381835938
-126.40532684326172
-121.12382507324219
-121.88961029052734
-124.7718734741211
-119.12934112548828
-118.34033966064453
-119.37065124511719
-119.85187530517578
-116.59169006347656
-116.4052505493164
-121.54480743408203
-122.69404602050781
-126.09127807617188
-126.73531341552734
-125.57756042480469
-121.60194396972656
-123.05345153808594
-127.52494812011719
-121.04793548583984
-120.70144653320312
-124.42015838623047
-127.60533142089844
-124.35284423828125
-123.9603271484375
-129.37998962402344
-133.460693359375
-128.8275604248047
-124.55500793457031
-128.41162109375
-123.32951354980469
-120.403564453125
-125.05546569824219
-125.05177307128906
-128.22891235351562
-125.69375610351562
-120.39730834960938
-123.24055480957031
-124.91461181640625
-122.70359802246094
-122.48607635498047
-124.36256408691406
-123.95185852050781
-121.60774230957031
-127.96874237060547
-118.80196380615234
-119.45254516601562
-125.38529205322266
-126.12203979492188
-120.09703826904297
-124.82555389404297
-129.9687957763672
-133.4893035888672
-124.83607482910156
-118.56669616699219
-120.10816955566406
-124.91114807128906
-124.72610473632812
-121.45491027832031
-125.54345703125
-126.30708312988281
-121.76640319824219
-121.978759765625
-122.45094299316406
-125.72570037841797
-130.1273956298828
-124.47737121582031
-125.88578796386719
-125.30242156982422
-130.35528564453125
-132.1278533935547
-129.43182373046875
-127.31136322021484
-130.88204956054688
-134.81492614746094
-135.9596710205078
-132.92466735839844
-130.96592712402344
-130.41055297851562
-132.7373809814453
-124.63939666748047
-120.8591079711914
-119.44319152832031
-119.08535766601562
-122.819580078125
-134.90692138671875
-123.5649185180664
-121.08279418945312
-121.06341552734375
-124.93012237548828
-127.94728088378906
-129.9141082763672
-135.46249389648438
-130.50949096679688
-125.77301025390625
-129.20211791992188
-127.6040267944336
-127.21414184570312
-124.84858703613281
-125.83148193359375
-127.69324493408203
-131.15103149414062
-129.08229064941406
-128.8766326904297
-130.31143188476562
-133.79998779296875
-131.57742309570312
-131.32127380371094
-134.3594207763672
-132.9366455078125
-129.51934814453125
-127.25439453125
-127.01214599609375
-126.90687561035156
-128.62826538085938
-130.79052734375
-134.22547912597656
-137.217529296875
-141.23568725585938
-133.094970703125
-133.48648071289062
-133.7996368408203
-136.04815673828125
-145.49864196777344
-138.92445373535156
-140.632568359375
-132.16717529296875
-129.52496337890625
-129.3661651611328
-134.40371704101562
-136.3680419921875
-140.33901977539062
-147.4594268798828
-142.53564453125
-139.51559448242188
-135.20355224609375
-134.3814697265625
-135.39453125
-142.1112518310547
-148.51760864257812
-143.05706787109375
-140.0755615234375
-138.7625732421875
-137.59103393554688
-135.6954803466797
-136.55184936523438
-140.23487854003906
-150.20433044433594
-144.80909729003906
-143.08575439453125
-146.322021484375
-143.09027099609375
-138.08851623535156
-139.35353088378906
-140.29263305664062
-141.52320861816406
-149.96206665039062
-161.66893005371094
-147.43914794921875
-148.17510986328125
-149.6397247314453
-142.832275390625
-142.70611572265625
-146.02223205566406
-152.9140625
-154.7011260986328
-154.42254638671875
-148.17320251464844
-147.16635131835938
-151.63906860351562
-151.0610809326172
-151.6298828125
-151.2913055419922
-150.10125732421875
-150.35609436035156
-148.70314025878906
-150.3812713623047
-157.9688720703125
-152.9676971435547
-150.33526611328125
-154.60284423828125
-156.65597534179688
-152.00259399414062
-152.61300659179688
-150.05296325683594
-148.71949768066406
-151.12489318847656
-152.92453002929688
-152.6827392578125
-150.8082275390625
-153.50267028808594
-153.64564514160156
-156.15768432617188
-155.54638671875
-153.3604278564453
-157.87371826171875
-161.8082275390625
-155.4229278564453
-154.54734802246094
-156.62742614746094
-157.14059448242188
-154.75640869140625
-153.79537963867188
-157.239013671875
-162.11026000976562
-163.9895477294922
-160.851806640625
-158.77069091796875
-157.2683563232422
-156.62380981445312
-161.60568237304688
-164.26480102539062
-162.80165100097656
-166.8523406982422
-168.5304412841797
-164.9123992919922
-172.03001403808594
-162.13890075683594
-160.84439086914062
-159.08229064941406
-157.37948608398438
-157.9320068359375
